OrderedDict([('realStartDate', Timestamp('2020-02-20 00:00:00')),
             ('debugTransition', False),
             ('debugTimestep', False),
             ('debugReturnNewPerDay', True),
             ('nAge', 9),
             ('nHS', 8),
             ('nI', 4),
             ('nR', 2),
             ('nIso', 4),
             ('nTest', 4),
             ('trFunc_diseaseProgression',
              <function __main__.trFunc_diseaseProgression(nonsymptomatic_ratio=0.86, infect_to_symptoms=5.0, symptom_to_recovery=10.0, symptom_to_hospitalisation=5.76, hospitalisation_to_recovery=14.51, IgG_formation=15.0, caseFatalityRatioHospital_given_COVID_by_age=array([0.00856164, 0.03768844, 0.02321319, 0.04282494, 0.07512237,
       0.12550367, 0.167096  , 0.37953452, 0.45757006]), ageRelativeRecoverySpeed=array([0., 0., 0., 0., 0., 0., 0., 0., 0.]), nonsymp_to_recovery=15.0, inverse_IS1_IS2=4.0, **kwargs)>),
             ('trFunc_diseaseProgression_params',
              OrderedDict([('nonsymptomatic_ratio', 0.86),
                           ('infect_to_symptoms', 5.0),
                           ('symptom_to_recovery', 10.0),
                           ('symptom_to_hospitalisation', 5.76),
                           ('hospitalisation_to_recovery', 14.51),
                           ('IgG_formation', 15.0),
                           ('caseFatalityRatioHospital_given_COVID_by_age',
                            array([0.00856164, 0.03768844, 0.02321319, 0.04282494, 0.07512237,
                                   0.12550367, 0.167096  , 0.37953452, 0.45757006])),
                           ('ageRelativeRecoverySpeed',
                            array([0., 0., 0., 0., 0., 0., 0., 0., 0.])),
                           ('nonsymp_to_recovery', 15.0),
                           ('inverse_IS1_IS2', 4.0)])),
             ('trFunc_newInfections',
              <function __main__.trFunc_newInfections_Complete(stateTensor, policySocialDistancing, policyImmunityPassports, ageSocialMixingBaseline=array([[5.10316562, 1.22337316, 1.24823717, 2.07311172, 1.01627758,
        0.5859647 , 0.49911039, 0.24871475, 0.10612951],
       [1.22337316, 8.00118824, 1.25998615, 1.42085443, 1.79498469,
        0.85068949, 0.50357356, 0.5141956 , 0.34034771],
       [1.24823717, 1.25998615, 3.55182054, 1.68967198, 1.70288171,
        1.30332659, 0.81961793, 0.36851384, 0.22242994],
       [2.07311172, 1.42085443, 1.68967198, 2.75491288, 1.97103469,
        1.34554924, 1.08754284, 0.4004846 , 0.46835224],
       [1.01627758, 1.79498469, 1.70288171, 1.97103469, 2.90894801,
        1.47996788, 1.06663857, 0.78662712, 1.28105574],
       [0.5859647 , 0.85068949, 1.30332659, 1.34554924, 1.47996788,
        1.9283567 , 1.10273198, 0.67803472, 1.86181531],
       [0.49911039, 0.50357356, 0.81961793, 1.08754284, 1.06663857,
        1.10273198, 1.32825334, 0.82674631, 0.75615615],
       [0.24871475, 0.5141956 , 0.36851384, 0.4004846 , 0.78662712,
        0.67803472, 0.82674631, 1.17651345, 0.71332666],
       [0.10612951, 0.34034771, 0.22242994, 0.46835224, 1.28105574,
        1.86181531, 0.75615615, 0.71332666, 1.01898175]]), ageSocialMixingDistancing=array([[4.45246484, 0.95262469, 0.88758802, 1.65622866, 0.76220719,
        0.40438201, 0.40225368, 0.1632001 , 0.06340665],
       [0.95262469, 6.2891541 , 0.77239829, 1.09665716, 1.43354692,
        0.56113347, 0.38416921, 0.36680327, 0.20451235],
       [0.88758802, 0.77239829, 1.99859765, 0.98624228, 1.09475801,
        0.73597516, 0.38772067, 0.14496927, 0.09996275],
       [1.65622866, 1.09665716, 0.98624228, 1.76492986, 1.18324269,
        0.71089281, 0.64924566, 0.20784433, 0.15030136],
       [0.76220719, 1.43354692, 1.09475801, 1.18324269, 1.73308351,
        0.79550359, 0.59578781, 0.43748197, 0.79829234],
       [0.40438201, 0.56113347, 0.73597516, 0.71089281, 0.79550359,
        1.01132299, 0.46209514, 0.27595843, 1.13886095],
       [0.40225368, 0.38416921, 0.38772067, 0.64924566, 0.59578781,
        0.46209514, 0.79168668, 0.2884534 , 0.1827422 ],
       [0.1632001 , 0.36680327, 0.14496927, 0.20784433, 0.43748197,
        0.27595843, 0.2884534 , 0.60200135, 0.11339096],
       [0.06340665, 0.20451235, 0.09996275, 0.15030136, 0.79829234,
        1.13886095, 0.1827422 , 0.11339096, 1.01898175]]), ageSocialMixingIsolation=array([[0., 0., 0., 0., 0., 0., 0., 0., 0.],
       [0., 0., 0., 0., 0., 0., 0., 0., 0.],
       [0., 0., 0., 0., 0., 0., 0., 0., 0.],
       [0., 0., 0., 0., 0., 0., 0., 0., 0.],
       [0., 0., 0., 0., 0., 0., 0., 0., 0.],
       [0., 0., 0., 0., 0., 0., 0., 0., 0.],
       [0., 0., 0., 0., 0., 0., 0., 0., 0.],
       [0., 0., 0., 0., 0., 0., 0., 0., 0.],
       [0., 0., 0., 0., 0., 0., 0., 0., 0.]]), withinHospitalSocialMixing=34.62267829500559, transmissionInfectionStage=array([0.001, 0.1  , 0.6  , 0.5  ]), **kwargs)>),
             ('trFunc_newInfections_params',
              OrderedDict([('ageSocialMixingBaseline',
                            array([[5.10316562, 1.22337316, 1.24823717, 2.07311172, 1.01627758,
                                    0.5859647 , 0.49911039, 0.24871475, 0.10612951],
                                   [1.22337316, 8.00118824, 1.25998615, 1.42085443, 1.79498469,
                                    0.85068949, 0.50357356, 0.5141956 , 0.34034771],
                                   [1.24823717, 1.25998615, 3.55182054, 1.68967198, 1.70288171,
                                    1.30332659, 0.81961793, 0.36851384, 0.22242994],
                                   [2.07311172, 1.42085443, 1.68967198, 2.75491288, 1.97103469,
                                    1.34554924, 1.08754284, 0.4004846 , 0.46835224],
                                   [1.01627758, 1.79498469, 1.70288171, 1.97103469, 2.90894801,
                                    1.47996788, 1.06663857, 0.78662712, 1.28105574],
                                   [0.5859647 , 0.85068949, 1.30332659, 1.34554924, 1.47996788,
                                    1.9283567 , 1.10273198, 0.67803472, 1.86181531],
                                   [0.49911039, 0.50357356, 0.81961793, 1.08754284, 1.06663857,
                                    1.10273198, 1.32825334, 0.82674631, 0.75615615],
                                   [0.24871475, 0.5141956 , 0.36851384, 0.4004846 , 0.78662712,
                                    0.67803472, 0.82674631, 1.17651345, 0.71332666],
                                   [0.10612951, 0.34034771, 0.22242994, 0.46835224, 1.28105574,
                                    1.86181531, 0.75615615, 0.71332666, 1.01898175]])),
                           ('ageSocialMixingDistancing',
                            array([[4.45246484, 0.95262469, 0.88758802, 1.65622866, 0.76220719,
                                    0.40438201, 0.40225368, 0.1632001 , 0.06340665],
                                   [0.95262469, 6.2891541 , 0.77239829, 1.09665716, 1.43354692,
                                    0.56113347, 0.38416921, 0.36680327, 0.20451235],
                                   [0.88758802, 0.77239829, 1.99859765, 0.98624228, 1.09475801,
                                    0.73597516, 0.38772067, 0.14496927, 0.09996275],
                                   [1.65622866, 1.09665716, 0.98624228, 1.76492986, 1.18324269,
                                    0.71089281, 0.64924566, 0.20784433, 0.15030136],
                                   [0.76220719, 1.43354692, 1.09475801, 1.18324269, 1.73308351,
                                    0.79550359, 0.59578781, 0.43748197, 0.79829234],
                                   [0.40438201, 0.56113347, 0.73597516, 0.71089281, 0.79550359,
                                    1.01132299, 0.46209514, 0.27595843, 1.13886095],
                                   [0.40225368, 0.38416921, 0.38772067, 0.64924566, 0.59578781,
                                    0.46209514, 0.79168668, 0.2884534 , 0.1827422 ],
                                   [0.1632001 , 0.36680327, 0.14496927, 0.20784433, 0.43748197,
                                    0.27595843, 0.2884534 , 0.60200135, 0.11339096],
                                   [0.06340665, 0.20451235, 0.09996275, 0.15030136, 0.79829234,
                                    1.13886095, 0.1827422 , 0.11339096, 1.01898175]])),
                           ('ageSocialMixingIsolation',
                            array([[0., 0., 0., 0., 0., 0., 0., 0., 0.],
                                   [0., 0., 0., 0., 0., 0., 0., 0., 0.],
                                   [0., 0., 0., 0., 0., 0., 0., 0., 0.],
                                   [0., 0., 0., 0., 0., 0., 0., 0., 0.],
                                   [0., 0., 0., 0., 0., 0., 0., 0., 0.],
                                   [0., 0., 0., 0., 0., 0., 0., 0., 0.],
                                   [0., 0., 0., 0., 0., 0., 0., 0., 0.],
                                   [0., 0., 0., 0., 0., 0., 0., 0., 0.],
                                   [0., 0., 0., 0., 0., 0., 0., 0., 0.]])),
                           ('withinHospitalSocialMixing', 34.62267829500559),
                           ('transmissionInfectionStage',
                            array([0.001, 0.1  , 0.6  , 0.5  ]))])),
             ('trFunc_travelInfectionRate_ageAdjusted',
              <function __main__.trFunc_travelInfectionRate_ageAdjusted(t, travelMaxTime=200, travelBaseRate=0.0005, travelDecline_mean=15.0, travelDecline_slope=1.0, travelInfection_peak=0.1, travelInfection_maxloc=10.0, travelInfection_shape=2.0, **kwargs)>),
             ('trFunc_travelInfectionRate_ageAdjusted_params',
              OrderedDict([('travelMaxTime', 200),
                           ('travelBaseRate', 0.0005),
                           ('travelDecline_mean', 15.0),
                           ('travelDecline_slope', 1.0),
                           ('travelInfection_peak', 0.1),
                           ('travelInfection_maxloc', 10.0),
                           ('travelInfection_shape', 2.0)])),
             ('trFunc_HospitalAdmission',
              <function __main__.trFunc_HospitalAdmission(ageHospitalisationRateBaseline=array([0.00024991, 0.00028393, 0.00057839, 0.00062681, 0.00055892,
       0.00077178, 0.0011115 , 0.00168812, 0.0022684 ]), infToHospitalExtra=array([0.0001, 0.001 , 0.02  , 0.01  ]), ageRelativeExtraAdmissionRiskToCovid=array([-0.39151513, -0.30403031, -0.33261439, -0.24328449, -0.16404952,
       -0.08875345,  0.03138019,  0.27071985,  2.32013348]), **kwargs)>),
             ('trFunc_HospitalAdmission_params',
              OrderedDict([('ageHospitalisationRateBaseline',
                            array([0.00024991, 0.00028393, 0.00057839, 0.00062681, 0.00055892,
                                   0.00077178, 0.0011115 , 0.00168812, 0.0022684 ])),
                           ('infToHospitalExtra',
                            array([0.0001, 0.001 , 0.02  , 0.01  ])),
                           ('ageRelativeExtraAdmissionRiskToCovid',
                            array([-0.39151513, -0.30403031, -0.33261439, -0.24328449, -0.16404952,
                                   -0.08875345,  0.03138019,  0.27071985,  2.32013348]))])),
             ('trFunc_HospitalDischarge',
              <function __main__.trFunc_HospitalDischarge(ageHospitalisationRecoveryRateBaseline=array([0.47488074, 0.37726809, 0.34489643, 0.31359404, 0.21780779,
       0.20422776, 0.1789476 , 0.15130088, 0.11218041]), dischargeDueToCovidRateMultiplier=3.0, **kwargs)>),
             ('trFunc_HospitalDischarge_params',
              OrderedDict([('ageHospitalisationRecoveryRateBaseline',
                            array([0.47488074, 0.37726809, 0.34489643, 0.31359404, 0.21780779,
                                   0.20422776, 0.1789476 , 0.15130088, 0.11218041])),
                           ('dischargeDueToCovidRateMultiplier', 3.0)])),
             ('tStartSocialDistancing', Timestamp('2020-03-23 00:00:00')),
             ('tStopSocialDistancing', Timestamp('2025-03-23 00:00:00')),
             ('tStartImmunityPassports', Timestamp('2025-03-23 00:00:00')),
             ('tStopImmunityPassports', Timestamp('2025-03-23 00:00:00')),
             ('tStartQuarantineCaseIsolation',
              Timestamp('2020-03-23 00:00:00')),
             ('tStopQuarantineCaseIsolation',
              Timestamp('2025-03-23 00:00:00')),
             ('trFunc_quarantine',
              <function __main__.trFunc_quarantine_caseIsolation(trTensor_complete, t, trTensor_testing, nDaysInHomeIsolation=14.0, timeToIsolation=0.5, symptomHospitalisedRate_ageAdjusted=array([0.13251052, 0.11430795, 0.23776147, 0.32212982, 0.55250063,
       0.88395276, 1.        , 1.        , 1.        ]), symptomaticHealthStates=[3, 4], **kwargs)>),
             ('trFunc_quarantine_params',
              OrderedDict([('nDaysInHomeIsolation', 14.0),
                           ('timeToIsolation', 0.5),
                           ('symptomHospitalisedRate_ageAdjusted',
                            array([0.13251052, 0.11430795, 0.23776147, 0.32212982, 0.55250063,
                                   0.88395276, 1.        , 1.        , 1.        ])),
                           ('symptomaticHealthStates', [3, 4])])),
             ('dydt_Complete',
              <function __main__.dydt_Complete(t, stateTensor_flattened, realStartDate=Timestamp('2020-02-20 00:00:00'), debugTransition=False, debugTimestep=False, debugReturnNewPerDay=True, nAge=9, nHS=8, nI=4, nR=2, nIso=4, nTest=4, trFunc_diseaseProgression=<function trFunc_diseaseProgression at 0x1a20dba680>, trFunc_newInfections=<function trFunc_newInfections_Complete at 0x1a20d90e60>, trFunc_travelInfectionRate_ageAdjusted=<function trFunc_travelInfectionRate_ageAdjusted at 0x1a20d90d40>, trFunc_HospitalAdmission=<function trFunc_HospitalAdmission at 0x1a20dba320>, trFunc_HospitalDischarge=<function trFunc_HospitalDischarge at 0x1a20dba440>, tStartSocialDistancing=Timestamp('2020-03-23 00:00:00'), tStopSocialDistancing=Timestamp('2025-03-23 00:00:00'), tStartImmunityPassports=Timestamp('2025-03-23 00:00:00'), tStopImmunityPassports=Timestamp('2025-03-23 00:00:00'), tStartQuarantineCaseIsolation=Timestamp('2025-03-23 00:00:00'), tStopQuarantineCaseIsolation=Timestamp('2025-03-23 00:00:00'), trFunc_quarantine=<function trFunc_quarantine_caseIsolation at 0x10e427680>, **kwargs)>),
             ('INIT_stateTensor_init',
              array([[[[6.79145015e+06, 0.00000000e+00, 0.00000000e+00,
                        0.00000000e+00],
                       [0.00000000e+00, 0.00000000e+00, 0.00000000e+00,
                        0.00000000e+00],
                       [3.57406728e+03, 0.00000000e+00, 0.00000000e+00,
                        0.00000000e+00],
                       [0.00000000e+00, 0.00000000e+00, 0.00000000e+00,
                        0.00000000e+00]],
              
                      [[0.00000000e+00, 0.00000000e+00, 0.00000000e+00,
                        0.00000000e+00],
                       [0.00000000e+00, 0.00000000e+00, 0.00000000e+00,
                        0.00000000e+00],
                       [0.00000000e+00, 0.00000000e+00, 0.00000000e+00,
                        0.00000000e+00],
                       [0.00000000e+00, 0.00000000e+00, 0.00000000e+00,
                        0.00000000e+00]],
              
                      [[0.00000000e+00, 0.00000000e+00, 0.00000000e+00,
                        0.00000000e+00],
                       [0.00000000e+00, 0.00000000e+00, 0.00000000e+00,
                        0.00000000e+00],
                       [0.00000000e+00, 0.00000000e+00, 0.00000000e+00,
                        0.00000000e+00],
                       [0.00000000e+00, 0.00000000e+00, 0.00000000e+00,
                        0.00000000e+00]],
              
                      ...,
              
                      [[0.00000000e+00, 0.00000000e+00, 0.00000000e+00,
                        0.00000000e+00],
                       [0.00000000e+00, 0.00000000e+00, 0.00000000e+00,
                        0.00000000e+00],
                       [0.00000000e+00, 0.00000000e+00, 0.00000000e+00,
                        0.00000000e+00],
                       [0.00000000e+00, 0.00000000e+00, 0.00000000e+00,
                        0.00000000e+00]],
              
                      [[0.00000000e+00, 0.00000000e+00, 0.00000000e+00,
                        0.00000000e+00],
                       [0.00000000e+00, 0.00000000e+00, 0.00000000e+00,
                        0.00000000e+00],
                       [0.00000000e+00, 0.00000000e+00, 0.00000000e+00,
                        0.00000000e+00],
                       [0.00000000e+00, 0.00000000e+00, 0.00000000e+00,
                        0.00000000e+00]],
              
                      [[0.00000000e+00, 0.00000000e+00, 0.00000000e+00,
                        0.00000000e+00],
                       [0.00000000e+00, 0.00000000e+00, 0.00000000e+00,
                        0.00000000e+00],
                       [0.00000000e+00, 0.00000000e+00, 0.00000000e+00,
                        0.00000000e+00],
                       [0.00000000e+00, 0.00000000e+00, 0.00000000e+00,
                        0.00000000e+00]]],
              
              
                     [[[6.45094169e+06, 0.00000000e+00, 0.00000000e+00,
                        0.00000000e+00],
                       [0.00000000e+00, 0.00000000e+00, 0.00000000e+00,
                        0.00000000e+00],
                       [4.85487454e+03, 0.00000000e+00, 0.00000000e+00,
                        0.00000000e+00],
                       [0.00000000e+00, 0.00000000e+00, 0.00000000e+00,
                        0.00000000e+00]],
              
                      [[0.00000000e+00, 0.00000000e+00, 0.00000000e+00,
                        0.00000000e+00],
                       [0.00000000e+00, 0.00000000e+00, 0.00000000e+00,
                        0.00000000e+00],
                       [0.00000000e+00, 0.00000000e+00, 0.00000000e+00,
                        0.00000000e+00],
                       [0.00000000e+00, 0.00000000e+00, 0.00000000e+00,
                        0.00000000e+00]],
              
                      [[0.00000000e+00, 0.00000000e+00, 0.00000000e+00,
                        0.00000000e+00],
                       [0.00000000e+00, 0.00000000e+00, 0.00000000e+00,
                        0.00000000e+00],
                       [0.00000000e+00, 0.00000000e+00, 0.00000000e+00,
                        0.00000000e+00],
                       [0.00000000e+00, 0.00000000e+00, 0.00000000e+00,
                        0.00000000e+00]],
              
                      ...,
              
                      [[0.00000000e+00, 0.00000000e+00, 0.00000000e+00,
                        0.00000000e+00],
                       [0.00000000e+00, 0.00000000e+00, 0.00000000e+00,
                        0.00000000e+00],
                       [0.00000000e+00, 0.00000000e+00, 0.00000000e+00,
                        0.00000000e+00],
                       [0.00000000e+00, 0.00000000e+00, 0.00000000e+00,
                        0.00000000e+00]],
              
                      [[0.00000000e+00, 0.00000000e+00, 0.00000000e+00,
                        0.00000000e+00],
                       [0.00000000e+00, 0.00000000e+00, 0.00000000e+00,
                        0.00000000e+00],
                       [0.00000000e+00, 0.00000000e+00, 0.00000000e+00,
                        0.00000000e+00],
                       [0.00000000e+00, 0.00000000e+00, 0.00000000e+00,
                        0.00000000e+00]],
              
                      [[0.00000000e+00, 0.00000000e+00, 0.00000000e+00,
                        0.00000000e+00],
                       [0.00000000e+00, 0.00000000e+00, 0.00000000e+00,
                        0.00000000e+00],
                       [0.00000000e+00, 0.00000000e+00, 0.00000000e+00,
                        0.00000000e+00],
                       [0.00000000e+00, 0.00000000e+00, 0.00000000e+00,
                        0.00000000e+00]]],
              
              
                     [[[7.08025076e+06, 0.00000000e+00, 0.00000000e+00,
                        0.00000000e+00],
                       [0.00000000e+00, 0.00000000e+00, 0.00000000e+00,
                        0.00000000e+00],
                       [1.18735055e+04, 0.00000000e+00, 0.00000000e+00,
                        0.00000000e+00],
                       [1.37639093e+05, 0.00000000e+00, 0.00000000e+00,
                        0.00000000e+00]],
              
                      [[0.00000000e+00, 0.00000000e+00, 0.00000000e+00,
                        0.00000000e+00],
                       [0.00000000e+00, 0.00000000e+00, 0.00000000e+00,
                        0.00000000e+00],
                       [0.00000000e+00, 0.00000000e+00, 0.00000000e+00,
                        0.00000000e+00],
                       [0.00000000e+00, 0.00000000e+00, 0.00000000e+00,
                        0.00000000e+00]],
              
                      [[0.00000000e+00, 0.00000000e+00, 0.00000000e+00,
                        0.00000000e+00],
                       [0.00000000e+00, 0.00000000e+00, 0.00000000e+00,
                        0.00000000e+00],
                       [0.00000000e+00, 0.00000000e+00, 0.00000000e+00,
                        0.00000000e+00],
                       [0.00000000e+00, 0.00000000e+00, 0.00000000e+00,
                        0.00000000e+00]],
              
                      ...,
              
                      [[0.00000000e+00, 0.00000000e+00, 0.00000000e+00,
                        0.00000000e+00],
                       [0.00000000e+00, 0.00000000e+00, 0.00000000e+00,
                        0.00000000e+00],
                       [0.00000000e+00, 0.00000000e+00, 0.00000000e+00,
                        0.00000000e+00],
                       [0.00000000e+00, 0.00000000e+00, 0.00000000e+00,
                        0.00000000e+00]],
              
                      [[0.00000000e+00, 0.00000000e+00, 0.00000000e+00,
                        0.00000000e+00],
                       [0.00000000e+00, 0.00000000e+00, 0.00000000e+00,
                        0.00000000e+00],
                       [0.00000000e+00, 0.00000000e+00, 0.00000000e+00,
                        0.00000000e+00],
                       [0.00000000e+00, 0.00000000e+00, 0.00000000e+00,
                        0.00000000e+00]],
              
                      [[0.00000000e+00, 0.00000000e+00, 0.00000000e+00,
                        0.00000000e+00],
                       [0.00000000e+00, 0.00000000e+00, 0.00000000e+00,
                        0.00000000e+00],
                       [0.00000000e+00, 0.00000000e+00, 0.00000000e+00,
                        0.00000000e+00],
                       [0.00000000e+00, 0.00000000e+00, 0.00000000e+00,
                        0.00000000e+00]]],
              
              
                     ...,
              
              
                     [[[6.00087332e+06, 0.00000000e+00, 0.00000000e+00,
                        0.00000000e+00],
                       [0.00000000e+00, 0.00000000e+00, 0.00000000e+00,
                        0.00000000e+00],
                       [3.72733297e+04, 0.00000000e+00, 0.00000000e+00,
                        0.00000000e+00],
                       [1.17184217e+05, 0.00000000e+00, 0.00000000e+00,
                        0.00000000e+00]],
              
                      [[0.00000000e+00, 0.00000000e+00, 0.00000000e+00,
                        0.00000000e+00],
                       [0.00000000e+00, 0.00000000e+00, 0.00000000e+00,
                        0.00000000e+00],
                       [0.00000000e+00, 0.00000000e+00, 0.00000000e+00,
                        0.00000000e+00],
                       [0.00000000e+00, 0.00000000e+00, 0.00000000e+00,
                        0.00000000e+00]],
              
                      [[0.00000000e+00, 0.00000000e+00, 0.00000000e+00,
                        0.00000000e+00],
                       [0.00000000e+00, 0.00000000e+00, 0.00000000e+00,
                        0.00000000e+00],
                       [0.00000000e+00, 0.00000000e+00, 0.00000000e+00,
                        0.00000000e+00],
                       [0.00000000e+00, 0.00000000e+00, 0.00000000e+00,
                        0.00000000e+00]],
              
                      ...,
              
                      [[0.00000000e+00, 0.00000000e+00, 0.00000000e+00,
                        0.00000000e+00],
                       [0.00000000e+00, 0.00000000e+00, 0.00000000e+00,
                        0.00000000e+00],
                       [0.00000000e+00, 0.00000000e+00, 0.00000000e+00,
                        0.00000000e+00],
                       [0.00000000e+00, 0.00000000e+00, 0.00000000e+00,
                        0.00000000e+00]],
              
                      [[0.00000000e+00, 0.00000000e+00, 0.00000000e+00,
                        0.00000000e+00],
                       [0.00000000e+00, 0.00000000e+00, 0.00000000e+00,
                        0.00000000e+00],
                       [0.00000000e+00, 0.00000000e+00, 0.00000000e+00,
                        0.00000000e+00],
                       [0.00000000e+00, 0.00000000e+00, 0.00000000e+00,
                        0.00000000e+00]],
              
                      [[0.00000000e+00, 0.00000000e+00, 0.00000000e+00,
                        0.00000000e+00],
                       [0.00000000e+00, 0.00000000e+00, 0.00000000e+00,
                        0.00000000e+00],
                       [0.00000000e+00, 0.00000000e+00, 0.00000000e+00,
                        0.00000000e+00],
                       [0.00000000e+00, 0.00000000e+00, 0.00000000e+00,
                        0.00000000e+00]]],
              
              
                     [[[4.87094278e+06, 0.00000000e+00, 0.00000000e+00,
                        0.00000000e+00],
                       [0.00000000e+00, 0.00000000e+00, 0.00000000e+00,
                        0.00000000e+00],
                       [5.43469044e+04, 0.00000000e+00, 0.00000000e+00,
                        0.00000000e+00],
                       [0.00000000e+00, 0.00000000e+00, 0.00000000e+00,
                        0.00000000e+00]],
              
                      [[0.00000000e+00, 0.00000000e+00, 0.00000000e+00,
                        0.00000000e+00],
                       [0.00000000e+00, 0.00000000e+00, 0.00000000e+00,
                        0.00000000e+00],
                       [0.00000000e+00, 0.00000000e+00, 0.00000000e+00,
                        0.00000000e+00],
                       [0.00000000e+00, 0.00000000e+00, 0.00000000e+00,
                        0.00000000e+00]],
              
                      [[0.00000000e+00, 0.00000000e+00, 0.00000000e+00,
                        0.00000000e+00],
                       [0.00000000e+00, 0.00000000e+00, 0.00000000e+00,
                        0.00000000e+00],
                       [0.00000000e+00, 0.00000000e+00, 0.00000000e+00,
                        0.00000000e+00],
                       [0.00000000e+00, 0.00000000e+00, 0.00000000e+00,
                        0.00000000e+00]],
              
                      ...,
              
                      [[0.00000000e+00, 0.00000000e+00, 0.00000000e+00,
                        0.00000000e+00],
                       [0.00000000e+00, 0.00000000e+00, 0.00000000e+00,
                        0.00000000e+00],
                       [0.00000000e+00, 0.00000000e+00, 0.00000000e+00,
                        0.00000000e+00],
                       [0.00000000e+00, 0.00000000e+00, 0.00000000e+00,
                        0.00000000e+00]],
              
                      [[0.00000000e+00, 0.00000000e+00, 0.00000000e+00,
                        0.00000000e+00],
                       [0.00000000e+00, 0.00000000e+00, 0.00000000e+00,
                        0.00000000e+00],
                       [0.00000000e+00, 0.00000000e+00, 0.00000000e+00,
                        0.00000000e+00],
                       [0.00000000e+00, 0.00000000e+00, 0.00000000e+00,
                        0.00000000e+00]],
              
                      [[0.00000000e+00, 0.00000000e+00, 0.00000000e+00,
                        0.00000000e+00],
                       [0.00000000e+00, 0.00000000e+00, 0.00000000e+00,
                        0.00000000e+00],
                       [0.00000000e+00, 0.00000000e+00, 0.00000000e+00,
                        0.00000000e+00],
                       [0.00000000e+00, 0.00000000e+00, 0.00000000e+00,
                        0.00000000e+00]]],
              
              
                     [[[2.85705307e+06, 0.00000000e+00, 0.00000000e+00,
                        0.00000000e+00],
                       [0.00000000e+00, 0.00000000e+00, 0.00000000e+00,
                        0.00000000e+00],
                       [5.77724010e+04, 0.00000000e+00, 0.00000000e+00,
                        0.00000000e+00],
                       [0.00000000e+00, 0.00000000e+00, 0.00000000e+00,
                        0.00000000e+00]],
              
                      [[0.00000000e+00, 0.00000000e+00, 0.00000000e+00,
                        0.00000000e+00],
                       [0.00000000e+00, 0.00000000e+00, 0.00000000e+00,
                        0.00000000e+00],
                       [0.00000000e+00, 0.00000000e+00, 0.00000000e+00,
                        0.00000000e+00],
                       [0.00000000e+00, 0.00000000e+00, 0.00000000e+00,
                        0.00000000e+00]],
              
                      [[0.00000000e+00, 0.00000000e+00, 0.00000000e+00,
                        0.00000000e+00],
                       [0.00000000e+00, 0.00000000e+00, 0.00000000e+00,
                        0.00000000e+00],
                       [0.00000000e+00, 0.00000000e+00, 0.00000000e+00,
                        0.00000000e+00],
                       [0.00000000e+00, 0.00000000e+00, 0.00000000e+00,
                        0.00000000e+00]],
              
                      ...,
              
                      [[0.00000000e+00, 0.00000000e+00, 0.00000000e+00,
                        0.00000000e+00],
                       [0.00000000e+00, 0.00000000e+00, 0.00000000e+00,
                        0.00000000e+00],
                       [0.00000000e+00, 0.00000000e+00, 0.00000000e+00,
                        0.00000000e+00],
                       [0.00000000e+00, 0.00000000e+00, 0.00000000e+00,
                        0.00000000e+00]],
              
                      [[0.00000000e+00, 0.00000000e+00, 0.00000000e+00,
                        0.00000000e+00],
                       [0.00000000e+00, 0.00000000e+00, 0.00000000e+00,
                        0.00000000e+00],
                       [0.00000000e+00, 0.00000000e+00, 0.00000000e+00,
                        0.00000000e+00],
                       [0.00000000e+00, 0.00000000e+00, 0.00000000e+00,
                        0.00000000e+00]],
              
                      [[0.00000000e+00, 0.00000000e+00, 0.00000000e+00,
                        0.00000000e+00],
                       [0.00000000e+00, 0.00000000e+00, 0.00000000e+00,
                        0.00000000e+00],
                       [0.00000000e+00, 0.00000000e+00, 0.00000000e+00,
                        0.00000000e+00],
                       [0.00000000e+00, 0.00000000e+00, 0.00000000e+00,
                        0.00000000e+00]]]]))])
